cluster社会保险关系管理
01010101
01010102
01010103
01010201
01010202
01010203
010201
010202
010203
cluster社会保险费征缴
020101
020102
020103
02020101
02020102
02020201
02020202
020301
020302
020303
020304
020401
020402
020501
020502
cluster社会保险待遇给付
030101
030102
030103
030104
030105
03020101
03020102
03020103
03020104
03020105
03020201
03020202
03020301
03020302
03020303
03020304
03020401
03020402
03020403
03020404
03030101
03030102
03030103
03030201
03030202
03030203
030401
030402
cluster社会保险个人权益服务
040101
040102
040103
040104
040105
040201
04020201
04020202
04020203
cluster社会保险服务机构管理
050101
050102
050103
05020101
05020102
05020103
05020104
05020105
05020106
05020201
05020202
05020203
cluster社会保险计划统计
060101
06010201
06010202
06010301
06010302
06010401
06010402
06010403
060201
060202
060203
060204
060205
cluster社会保险基金管理
070101
070102
070103
0702
0703
0704
0705
0706
0707
070801
070802
070901
070902
0710
0711
cluster社会保险稽核内控
080101
080102
080103
080104
080201
080202
080203
080204
080205
cluster社会保险业务档案管理
090101
090102
090103
090201
090202
090203
090204
090205
0903
0904
090201
090202
090203
090204
090205
0903
0904
cluster社会保障卡应用
1001
1002
100301
100302
100303
1004
1005
1006
cluster社会保险信息化应用
1101
1102
1103
1104
1105
1106
1107
1108
110801
110802
110803
110804
110805
110806
110901
110902
111001
111002
111003
1111
cluster社会保险业务咨询查询
1201
1202
1203
1204